1,24,0,0
2,53,1,1
3,23,0,2
4,24,0,0
5,33,1,1
6,42,0,3
7,57,0,4
8,36,0,4
9,29,0,5
10,53,0,6
11,39,1,1
12,28,1,1
13,47,0,7
14,45,0,8
15,49,1,7
16,21,0,9
17,30,0,10
18,35,1,1
19,40,0,11
20,42,1,12
21,26,0,2
22,25,0,2
23,30,1,13
24,21,1,13
25,39,0,14
26,49,0,14
27,40,1,11
28,32,0,2
29,41,0,10
30,7,0,5
31,24,0,13
32,28,1,5
33,23,0,5
34,38,1,4
35,20,1,12
36,19,1,5
37,23,0,5
38,28,1,1
39,41,0,9
40,38,0,8
41,33,0,14
42,30,0,4
43,29,1,11
44,26,0,0
45,29,0,10
46,27,1,15
47,53,0,15
48,45,0,4
49,23,1,5
50,21,0,2
51,28,0,7
52,18,1,5
53,26,0,10
54,22,0,3
55,37,0,10
56,25,0,11
57,16,0,16
58,27,0,10
59,49,0,7
60,50,0,17
61,36,0,14
62,27,1,4
63,31,0,15
64,32,0,7
65,51,1,7
66,23,0,5
67,17,0,5
68,19,0,5
69,24,0,14
70,27,0,14
71,39,0,8
72,48,1,4
73,24,0,5
74,39,0,8
75,24,0,9
76,20,0,5
77,30,0,0
78,26,0,4
79,39,1,4
80,34,1,4
81,21,0,5
82,50,0,10
83,40,0,1
84,32,0,3
85,51,0,7
86,26,0,4
87,47,0,4
88,49,1,11
89,43,1,4
90,60,0,7
91,55,0,15
92,32,0,9
93,48,0,3
94,26,0,5
95,31,0,4
96,25,1,13
97,43,0,13
98,49,1,3
99,20,0,5
100,36,0,3
101,15,0,5
102,38,0,10
103,26,0,5
104,27,0,5
105,24,0,14
106,61,0,18
107,39,0,8
108,44,0,7
109,29,0,1
110,19,0,5
111,57,0,14
112,30,0,19
113,47,0,3
114,27,0,10
115,31,0,14
116,40,0,17
117,20,0,5
118,21,0,4
119,32,0,10
120,47,1,1
121,54,0,11
122,32,1,2
123,48,1,13
124,34,0,5
125,30,0,6
126,28,1,6
127,33,0,16
128,24,1,15
129,36,1,15
130,20,0,16
131,59,1,4
132,24,0,1
133,53,0,14
134,31,0,10
135,23,0,5
136,51,0,1
137,50,0,7
138,46,0,20
139,20,0,5
140,30,1,5
141,49,0,10
142,13,0,1
143,42,0,0
144,53,0,10
145,31,0,9
146,45,0,13
147,40,1,11
148,33,0,14
149,35,1,15
150,20,1,13
151,38,1,4
152,33,1,7
153,25,0,5
154,25,0,5
155,32,1,1
156,25,0,7
157,57,0,14
158,50,0,7
159,23,1,5
160,27,0,10
161,50,0,6
162,25,0,13
163,49,0,4
164,47,0,17
165,20,1,1
166,47,0,7
167,37,0,1
168,48,0,1
169,52,1,1
170,53,1,17
171,48,1,7
172,55,0,15
173,56,0,1
174,30,1,4
175,26,1,8
176,28,0,8
177,20,0,10
178,26,0,1
179,15,0,9
180,22,1,4
181,26,0,3
182,36,0,10
183,33,0,8
184,37,0,11
185,53,1,11
186,39,1,3
187,26,0,7
188,42,0,5
189,32,0,13
190,30,0,4
191,33,0,4
192,42,0,7
193,29,0,5
194,38,0,4
195,42,0,8
196,49,0,2
197,55,0,0
198,21,1,5
199,30,0,2
200,40,0,10
201,27,0,2
202,41,1,7
203,25,1,5
204,52,1,11
205,47,0,6
206,14,1,5
207,39,0,15
208,43,0,14
209,33,1,7
210,39,0,14
211,66,0,19
212,49,1,7
213,33,0,3
214,26,1,11
215,35,0,10
216,22,0,14
217,22,0,1
218,37,0,4
219,32,0,10
220,30,0,11
221,19,0,5
222,29,0,10
223,19,1,5
224,31,1,7
225,51,1,4
226,28,0,5
227,46,0,3
228,21,1,5
229,29,1,11
230,28,1,5
231,48,0,11
232,45,0,8
233,38,0,14
234,60,0,18
235,37,0,7
236,44,1,2
237,49,0,4
238,42,1,4
239,39,0,13
240,23,1,7
241,26,1,5
242,33,0,7
243,33,0,7
244,28,0,0
245,22,0,5
246,19,0,5
247,28,0,14
248,25,0,5
249,25,0,5
250,29,0,3
251,28,0,20
252,42,0,14
253,26,1,11
254,44,0,7
255,23,0,9
256,35,1,16
257,17,0,5
258,19,1,5
259,21,0,5
260,40,1,13
261,28,0,4
262,19,1,5
263,41,0,10
264,36,1,2
265,26,0,3
266,62,1,4
267,23,0,14
268,24,0,14
269,31,1,11
270,18,1,5
271,51,0,14
272,33,0,8
273,50,1,1
274,20,1,5
275,38,0,14
276,21,0,5
277,35,1,4
278,37,1,11
279,33,0,10
280,30,1,11
281,15,1,5
282,22,0,4
283,28,0,10
284,40,0,3
285,25,0,10
286,27,0,5
287,21,0,19
288,34,0,15
289,11,0,16
290,40,0,14
291,19,0,5
292,35,1,10
293,24,0,2
294,34,0,0
295,31,0,7
296,43,1,4
297,29,1,7
298,44,0,3
299,29,0,20
300,26,1,10
301,24,0,5
302,42,0,7
303,19,0,5
304,22,1,5
305,23,0,10
306,45,0,1
307,25,0,5
308,60,0,18
309,40,0,8
310,37,0,7
311,32,0,0
312,48,0,1
313,41,0,15
314,20,1,5
315,31,0,7
316,43,1,1
317,22,0,4
318,65,0,18
319,38,0,10
320,19,0,5
321,49,1,7
322,20,0,5
323,21,0,5
324,21,1,5
325,48,0,0
326,41,0,4
327,22,0,5
328,51,0,4
329,48,0,7
330,35,1,7
331,33,0,9
332,20,0,5
333,47,0,1
334,32,0,11
335,45,0,3
336,23,0,19
337,37,0,8
338,39,1,11
339,35,0,6
340,46,0,14
341,17,1,5
342,25,1,1
343,43,0,14
344,30,1,11
345,28,1,11
346,34,0,1
347,18,0,5
348,24,1,5
349,68,0,18
350,32,0,5
351,61,0,7
352,37,1,10
353,25,0,8
354,29,1,11
355,25,0,5
356,32,1,12
357,26,0,3
358,40,0,7
359,22,0,5
360,51,0,1
361,22,0,5
362,35,1,12
363,20,0,5
364,63,0,14
365,29,0,6
366,20,1,5
367,17,0,5
368,18,0,5
369,24,0,5
370,52,0,2
371,36,0,14
372,25,1,5
373,24,1,1
374,36,0,3
375,17,0,9
376,28,1,1
377,22,0,5
378,35,0,5
379,44,0,10
380,32,0,14
381,33,0,13
382,45,0,14
383,42,0,4
384,52,0,10
385,36,0,2
386,36,0,19
387,33,0,9
388,31,0,1
389,44,1,2
390,42,1,2
391,23,0,5
392,52,0,2
393,19,0,5
394,25,0,4
395,43,0,1
396,57,0,14
397,17,0,5
398,40,0,1
399,25,0,1
400,33,1,4
401,46,1,17
402,30,0,14
403,37,0,1
404,29,1,10
405,22,1,17
406,52,0,7
407,29,0,14
408,23,0,5
409,48,0,4
410,30,1,13
411,34,0,7
412,25,0,7
413,55,0,7
414,24,0,10
415,39,0,7
416,20,1,5
417,27,1,1
418,55,1,16
419,37,0,6
420,53,0,7
421,38,1,10
422,26,0,9
423,64,0,1
424,36,1,15
425,19,0,5
426,55,0,7
427,51,0,20
428,28,0,5
429,27,0,5
430,38,0,8
431,24,0,15
432,22,0,9
433,27,0,13
434,16,1,5
435,24,0,14
436,30,1,4
437,27,1,1
438,51,1,4
439,23,1,4
440,30,0,1
441,50,0,0
442,22,0,5
443,35,0,19
444,51,1,6
445,21,0,2
446,57,0,7
447,30,0,4
448,23,0,9
449,23,0,11
450,35,1,7
451,16,0,5
452,35,0,4
453,18,0,5
454,57,0,1
455,48,0,4
456,24,0,0
457,33,1,19
458,47,0,0
459,22,0,5
460,44,1,1
461,15,0,5
462,19,1,5
463,48,1,17
464,60,0,2
465,32,0,1
466,22,0,5
467,29,0,14
468,28,0,14
469,60,0,7
470,24,0,10
471,10,0,5
472,24,0,5
473,29,0,5
474,51,0,3
475,30,0,10
476,28,0,5
477,23,1,5
478,29,0,1
479,30,0,7
480,57,0,18
481,73,0,18
482,18,1,5
483,29,0,8
484,27,0,5
485,44,1,7
486,39,0,7
487,22,0,14
488,48,0,0
489,55,0,1
490,29,1,13
491,43,1,2
492,57,0,7
493,22,0,14
494,38,1,4
495,29,0,14
496,21,1,5
497,20,0,5
498,26,0,2
499,42,0,10
500,28,0,4
501,22,0,5
502,22,0,5
503,50,1,2
504,40,1,2
505,27,1,1
506,46,0,10
507,18,1,2
508,27,0,15
509,23,0,4
510,34,0,1
511,22,0,5
512,29,0,1
513,43,0,4
514,27,0,10
515,53,0,15
516,53,1,11
517,24,0,5
518,49,1,2
519,22,0,1
520,62,0,17
521,19,0,5
522,36,0,14
523,50,1,4
524,56,0,7
525,27,1,4
526,30,0,15
527,33,0,11
528,18,0,5
529,47,1,4
530,29,0,14
531,30,1,19
532,20,0,5
533,43,0,11
534,20,0,5
535,45,1,7
536,38,0,14
537,36,0,14
538,31,0,8
539,53,1,4
540,28,0,14
541,19,1,5
542,21,0,5
543,33,0,8
544,44,1,1
545,27,0,0
546,36,0,3
547,50,0,7
548,51,0,2
549,42,0,8
550,16,1,5
551,25,0,10
552,45,0,1
553,58,0,7
554,32,0,8
555,29,1,7
556,35,1,7
557,30,1,2
558,56,1,2
559,69,0,3
560,32,0,5
561,23,0,14
562,54,1,4
563,39,1,11
564,65,0,18
565,40,0,5
566,20,0,5
567,24,0,9
568,39,0,7
569,34,0,7
570,26,0,7
571,34,0,13
572,51,0,7
573,68,0,18
574,56,0,7
575,33,0,15
576,48,0,3
577,36,1,5
578,31,0,4
579,32,0,7
580,16,0,5
581,37,0,1
582,17,0,5
583,44,0,14
584,25,0,5
585,69,0,11
586,20,0,5
587,26,0,1
588,18,1,5
589,21,0,6
590,50,0,7
591,57,1,11
592,18,0,5
593,31,1,7
594,46,0,7
595,25,0,10
596,20,0,13
597,23,0,1
598,40,1,15
599,22,1,5
600,34,0,10
601,19,1,13
602,47,1,1
603,21,0,10
604,39,0,7
605,33,0,14
606,28,0,10
607,49,1,17
608,22,0,1
609,13,1,5
610,22,0,5
611,46,0,11
612,36,0,7
613,37,1,15
614,54,0,7
615,38,0,7
616,55,0,8
617,27,1,2
618,15,1,5
619,17,0,5
620,18,1,2
621,17,0,5
622,25,0,10
623,50,1,7
624,19,0,5
625,27,0,10
626,23,0,8
627,24,0,14
628,13,0,16
629,46,1,1
630,26,1,17
631,18,1,5
632,18,0,5
633,35,0,10
634,39,0,14
635,22,0,1
636,47,0,7
637,30,0,1
638,45,0,14
639,42,1,11
640,20,0,5
641,24,0,5
642,18,1,5
643,39,0,8
644,51,0,18
645,27,0,10
646,17,1,5
647,40,0,7
648,43,0,14
649,20,0,5
650,42,0,14
651,65,0,18
652,35,0,1
653,31,0,3
654,27,1,5
655,50,1,17
656,48,0,7
657,26,1,16
658,33,0,10
659,31,0,7
660,26,0,5
661,28,0,10
662,55,0,11
663,26,0,1
664,30,0,14
665,25,0,4
666,44,0,4
667,35,0,11
668,29,1,2
669,37,0,1
670,30,0,0
671,21,0,10
672,54,1,4
673,51,0,7
674,13,1,5
675,34,0,1
676,30,0,10
677,20,0,1
678,50,0,7
679,20,1,5
680,33,0,6
681,44,1,15
682,23,0,10
683,42,0,11
684,28,0,5
685,32,1,11
686,32,0,7
687,31,1,17
688,37,1,4
689,25,0,1
690,35,0,19
691,34,0,7
692,34,0,14
693,43,1,17
694,60,0,10
695,26,0,2
696,55,0,1
697,25,0,1
698,28,1,10
699,44,0,1
700,17,0,5
701,51,1,11
702,37,0,1
703,26,0,7
704,51,1,11
705,21,1,5
706,23,0,5
707,56,1,11
708,26,1,12
709,21,0,1
710,19,0,5
711,22,1,5
712,22,1,5
713,42,1,1
714,26,0,14
715,21,0,0
716,36,1,4
717,24,0,0
718,42,0,0
719,37,1,1
720,49,1,4
721,24,1,9
722,50,1,12
723,26,0,3
724,31,0,3
725,21,0,5
726,25,1,4
727,25,0,5
728,58,0,3
729,19,0,5
730,31,1,8
731,41,1,7
732,28,1,1
733,44,1,1
734,25,1,1
735,29,1,17
736,48,1,2
737,30,0,10
738,35,0,0
739,35,0,0
740,25,1,7
741,25,0,2
742,35,0,5
743,31,0,10
744,35,0,15
745,42,0,2
746,25,0,14
747,19,0,1
748,28,0,4
749,33,0,1
750,28,0,4
751,24,1,1
752,60,0,18
753,56,0,19
754,59,1,11
755,44,1,7
756,30,1,16
757,26,0,5
758,27,0,5
759,20,1,5
760,35,1,1
761,17,0,5
762,32,0,4
763,27,0,8
764,27,1,7
765,31,0,5
766,42,0,1
767,70,0,14
768,29,0,4
769,39,0,3
770,28,0,5
771,26,0,5
772,50,0,2
773,20,0,5
774,30,0,5
775,46,0,3
776,30,0,11
777,63,0,10
778,34,0,5
779,31,0,5
780,49,0,10
781,20,0,5
782,21,1,13
783,30,0,15
784,47,0,4
785,32,0,14
786,36,1,14
787,18,1,5
788,51,0,4
789,29,0,1
790,27,0,0
791,31,0,7
792,40,0,10
793,22,0,5
794,32,0,7
795,30,0,10
796,32,1,2
797,44,1,1
798,40,1,2
799,49,1,4
800,25,0,10
801,22,0,2
802,35,0,4
803,70,0,4
804,39,0,7
805,27,1,1
806,27,0,15
807,41,1,17
808,45,0,19
809,50,1,15
810,55,1,1
811,40,1,7
812,22,0,0
813,14,1,5
814,30,0,1
815,32,0,1
816,34,0,1
817,19,0,5
818,28,0,11
819,59,0,4
820,22,0,5
821,37,0,14
822,29,1,11
823,27,0,13
824,31,0,1
825,44,0,14
826,28,0,13
827,23,1,14
828,28,0,11
829,48,0,2
830,46,0,10
831,21,0,1
832,24,0,0
833,34,0,2
834,26,0,1
835,44,1,3
836,44,0,13
837,36,1,13
838,23,0,5
839,38,1,9
840,39,0,13
841,45,0,20
842,40,0,2
843,35,0,11
844,22,0,14
845,64,0,20
846,27,0,6
847,29,0,5
848,46,0,14
849,15,1,5
850,34,0,0
851,18,0,1
852,46,0,4
853,49,0,2
854,29,1,5
855,53,0,11
856,43,1,15
857,35,1,4
858,63,0,7
859,18,1,1
860,70,1,18
861,38,1,5
862,25,0,3
863,17,0,5
864,27,0,10
865,25,0,13
866,45,0,1
867,24,0,8
868,21,0,10
869,30,0,5
870,22,0,5
871,31,0,3
872,19,1,5
873,48,1,4
874,36,0,8
875,24,1,5
876,41,0,1
877,30,0,1
878,50,1,7
879,33,1,4
880,13,0,5
881,39,0,15
882,35,0,14
883,49,0,11
884,44,0,14
885,30,1,1
886,20,0,5
887,14,1,5
888,41,0,8
889,24,0,0
890,32,0,5
891,51,1,4
892,36,0,1
893,25,0,5
894,47,0,7
895,31,1,11
896,28,0,2
897,30,0,1
898,23,0,12
899,32,0,1
900,60,0,18
901,38,0,3
902,45,1,13
903,28,0,7
904,17,1,5
905,27,0,1
906,45,0,11
907,25,1,1
908,44,1,11
909,50,1,7
910,28,0,17
911,37,1,2
912,51,0,1
913,27,0,5
914,44,1,1
915,50,0,9
916,27,0,14
917,22,1,5
918,40,0,8
919,25,0,1
920,30,1,13
921,20,1,5
922,29,1,4
923,21,0,5
924,29,0,1
925,18,1,19
926,49,0,9
927,23,0,10
928,21,0,5
929,44,0,8
930,28,1,8
931,60,0,7
932,58,0,7
933,28,0,5
934,61,0,14
935,42,0,20
936,24,0,1
937,48,0,7
938,38,1,0
939,26,1,5
940,32,0,4
941,20,0,5
942,48,1,11
943,22,0,5
